# N = 182
# temperature profile at Time = 14.6568
           0 0.00000000e+00 1.01839010e+00
           1 7.81250000e-03 1.01839037e+00
           2 1.56250000e-02 1.01839181e+00
           3 2.34375000e-02 1.01839567e+00
           4 3.12500000e-02 1.01840342e+00
           5 3.90625000e-02 1.01841707e+00
           6 4.68750000e-02 1.01844181e+00
           7 5.46875000e-02 1.01848292e+00
           8 6.25000000e-02 1.01853989e+00
           9 7.03125000e-02 1.01861686e+00
          10 7.81250000e-02 1.01872609e+00
          11 8.59375000e-02 1.01886341e+00
          12 9.37500000e-02 1.01905259e+00
          13 1.01562500e-01 1.01929627e+00
          14 1.09375000e-01 1.01958950e+00
          15 1.17187500e-01 1.01996087e+00
          16 1.25000000e-01 1.02039092e+00
          17 1.32812500e-01 1.02089110e+00
          18 1.40625000e-01 1.02146724e+00
          19 1.48437500e-01 1.02220054e+00
          20 1.56250000e-01 1.02309418e+00
          21 1.64062500e-01 1.02406893e+00
          22 1.71875000e-01 1.02512376e+00
          23 1.79687500e-01 1.02631305e+00
          24 1.87500000e-01 1.02773361e+00
          25 1.95312500e-01 1.02933033e+00
          26 2.03125000e-01 1.03098293e+00
          27 2.10937500e-01 1.03284357e+00
          28 2.18750000e-01 1.03485804e+00
          29 2.26562500e-01 1.03691324e+00
          30 2.34375000e-01 1.03918588e+00
          31 2.42187500e-01 1.04157978e+00
          32 2.50000000e-01 1.04400710e+00
          33 2.57812500e-01 1.04643442e+00
          34 2.65625000e-01 1.04875317e+00
          35 2.73437500e-01 1.05103663e+00
          36 2.81250000e-01 1.05332314e+00
          37 2.89062500e-01 1.05561038e+00
          38 2.96875000e-01 1.05772637e+00
          39 3.04687500e-01 1.05957328e+00
          40 3.12500000e-01 1.06130248e+00
          41 3.20312500e-01 1.06289713e+00
          42 3.28125000e-01 1.06431782e+00
          43 3.35937500e-01 1.06560033e+00
          44 3.43750000e-01 1.06672229e+00
          45 3.51562500e-01 1.06768874e+00
          46 3.59375000e-01 1.06848366e+00
          47 3.67187500e-01 1.06913751e+00
          48 3.75000000e-01 1.06970887e+00
          49 3.82812500e-01 1.07018054e+00
          50 3.90625000e-01 1.07055312e+00
          51 3.98437500e-01 1.07084244e+00
          52 4.06250000e-01 1.07106586e+00
          53 4.14062500e-01 1.07123941e+00
          54 4.21875000e-01 1.07136625e+00
          55 4.29687500e-01 1.07145217e+00
          56 4.37500000e-01 1.07151261e+00
          57 4.45312500e-01 1.07155020e+00
          58 4.53125000e-01 1.07157207e+00
          59 4.60937500e-01 1.07158539e+00
          60 4.68750000e-01 1.07159043e+00
          61 4.76562500e-01 1.07159486e+00
          62 4.84375000e-01 1.07159587e+00
          63 4.92187500e-01 1.07159520e+00
          64 5.00000000e-01 1.07159356e+00
          65 5.07812500e-01 1.07158525e+00
          66 5.15625000e-01 1.07157165e+00
          67 5.23437500e-01 1.07154566e+00
          68 5.31250000e-01 1.07150368e+00
          69 5.39062500e-01 1.07144103e+00
          70 5.46875000e-01 1.07134481e+00
          71 5.54687500e-01 1.07121009e+00
          72 5.62500000e-01 1.07103128e+00
          73 5.70312500e-01 1.07079780e+00
          74 5.78125000e-01 1.07048944e+00
          75 5.85937500e-01 1.07009774e+00
          76 5.93750000e-01 1.06963196e+00
          77 6.01562500e-01 1.06906664e+00
          78 6.09375000e-01 1.06836667e+00
          79 6.17187500e-01 1.06754247e+00
          80 6.25000000e-01 1.06657054e+00
          81 6.32812500e-01 1.06544060e+00
          82 6.40625000e-01 1.06418185e+00
          83 6.48437500e-01 1.06272833e+00
          84 6.56250000e-01 1.06109605e+00
          85 6.64062500e-01 1.05929716e+00
          86 6.71875000e-01 1.05728961e+00
          87 6.79687500e-01 1.05511061e+00
          88 6.87500000e-01 1.05278518e+00
          89 6.95312500e-01 1.05033565e+00
          90 7.03125000e-01 1.04775510e+00
          91 7.10937500e-01 1.04499865e+00
          92 7.18750000e-01 1.04218090e+00
          93 7.26562500e-01 1.03939794e+00
          94 7.34375000e-01 1.03660162e+00
          95 7.42187500e-01 1.03381764e+00
          96 7.50000000e-01 1.03109448e+00
          97 7.57812500e-01 1.02850177e+00
          98 7.65625000e-01 1.02600018e+00
          99 7.73437500e-01 1.02357976e+00
         100 7.81250000e-01 1.02129988e+00
         101 7.89062500e-01 1.01917664e+00
         102 7.96875000e-01 1.01719160e+00
         103 8.04687500e-01 1.01532568e+00
         104 8.12500000e-01 1.01360448e+00
         105 8.20312500e-01 1.01203640e+00
         106 8.28125000e-01 1.01063685e+00
         107 8.35937500e-01 1.00937657e+00
         108 8.43750000e-01 1.00819816e+00
         109 8.51562500e-01 1.00712485e+00
         110 8.59375000e-01 1.00619010e+00
         111 8.67187500e-01 1.00534903e+00
         112 8.75000000e-01 1.00459767e+00
         113 8.82812500e-01 1.00394245e+00
         114 8.90625000e-01 1.00337327e+00
         115 8.98437500e-01 1.00289039e+00
         116 9.06250000e-01 1.00246975e+00
         117 9.14062500e-01 1.00210868e+00
         118 9.21875000e-01 1.00180402e+00
         119 9.29687500e-01 1.00155141e+00
         120 9.37500000e-01 1.00134473e+00
         121 9.45312500e-01 1.00117314e+00
         122 9.53125000e-01 1.00103512e+00
         123 9.60937500e-01 1.00092975e+00
         124 9.68750000e-01 1.00083413e+00
         125 9.76562500e-01 1.00076405e+00
         126 9.84375000e-01 1.00068495e+00
         127 9.92187500e-01 1.00060187e+00
         128 1.00000000e+00 1.00051324e+00
         129 1.00781250e+00 1.00028007e+00
         130 1.01562500e+00 1.00023274e+00
         131 1.02343750e+00 1.00019559e+00
         132 1.03125000e+00 1.00016201e+00
         133 1.03906250e+00 1.00013676e+00
         134 1.04687500e+00 1.00011229e+00
         135 1.05468750e+00 1.00009280e+00
         136 1.06250000e+00 1.00007621e+00
         137 1.07031250e+00 1.00006247e+00
         138 1.07812500e+00 1.00005175e+00
         139 1.08593750e+00 1.00004113e+00
         140 1.09375000e+00 1.00003446e+00
         141 1.10156250e+00 1.00002728e+00
         142 1.10937500e+00 1.00002250e+00
         143 1.11718750e+00 1.00001798e+00
         144 1.12500000e+00 1.00001450e+00
         145 1.13281250e+00 1.00001166e+00
         146 1.14062500e+00 1.00000932e+00
         147 1.14843750e+00 1.00000743e+00
         148 1.15625000e+00 1.00000587e+00
         149 1.16406250e+00 1.00000467e+00
         150 1.17187500e+00 1.00000368e+00
         151 1.17968750e+00 1.00000293e+00
         152 1.18750000e+00 1.00000231e+00
         153 1.19531250e+00 1.00000184e+00
         154 1.20312500e+00 1.00000140e+00
         155 1.21093750e+00 1.00000109e+00
         156 1.21875000e+00 1.00000085e+00
         157 1.22656250e+00 1.00000068e+00
         158 1.23437500e+00 1.00000050e+00
         159 1.24218750e+00 1.00000039e+00
         160 1.25000000e+00 1.00000031e+00
         161 1.25781250e+00 1.00000023e+00
         162 1.26562500e+00 1.00000017e+00
         163 1.27343750e+00 1.00000014e+00
         164 1.28125000e+00 1.00000010e+00
         165 1.28906250e+00 1.00000008e+00
         166 1.29687500e+00 1.00000006e+00
         167 1.30468750e+00 1.00000004e+00
         168 1.31250000e+00 1.00000003e+00
         169 1.32031250e+00 1.00000003e+00
         170 1.32812500e+00 1.00000002e+00
         171 1.33593750e+00 1.00000001e+00
         172 1.34375000e+00 1.00000001e+00
         173 1.35156250e+00 1.00000001e+00
         174 1.35937500e+00 1.00000000e+00
         175 1.36718750e+00 1.00000000e+00
         176 1.37500000e+00 1.00000000e+00
         177 1.38281250e+00 1.00000000e+00
         178 1.39062500e+00 1.00000000e+00
         179 1.39843750e+00 1.00000000e+00
         180 1.40625000e+00 1.00000000e+00
         181 1.41406250e+00 0.00000000e+00
