# 512^2 radial Temperature Profile at t = 2.03*tcond	  	  
#[1] Cell Coordinate	[2] Radial Coordinate	[3] T
1	 0.0000000000	1.2531973123550415
2	 0.0019531000	1.2531973123550415
3	 0.0039063000	1.2580020427703857
4	 0.0058594000	1.2633919715881348
5	 0.0078125000	1.2689518928527832
6	 0.0097656000	1.2746193408966064
7	 0.0117190000	1.2803757190704346
8	 0.0136720000	1.2862138748168945
9	 0.0156250000	1.2921298742294312
10	 0.0175780000	1.298121452331543
11	 0.0195310000	1.3041871786117554
12	 0.0214840000	1.3103256225585938
13	 0.0234380000	1.3165357112884521
14	 0.0253910000	1.3228164911270142
15	 0.0273440000	1.3291670083999634
16	 0.0292970000	1.3355863094329834
17	 0.0312500000	1.3420734405517578
18	 0.0332030000	1.3486273288726807
19	 0.0351560000	1.3552470207214355
20	 0.0371090000	1.361931324005127
21	 0.0390630000	1.3686792850494385
22	 0.0410160000	1.3754897117614746
23	 0.0429690000	1.3823611736297607
24	 0.0449220000	1.3892927169799805
25	 0.0468750000	1.3962829113006592
26	 0.0488280000	1.4033304452896118
27	 0.0507810000	1.4104337692260742
28	 0.0527340000	1.4175915718078613
29	 0.0546880000	1.424802303314209
30	 0.0566410000	1.432064414024353
31	 0.0585940000	1.4393762350082397
32	 0.0605470000	1.446736216545105
33	 0.0625000000	1.454142451286316
34	 0.0644530000	1.4615933895111084
35	 0.0664060000	1.46908700466156
36	 0.0683590000	1.4766216278076172
37	 0.0703130000	1.4841952323913574
38	 0.0722660000	1.4918057918548584
39	 0.0742190000	1.4994513988494873
40	 0.0761720000	1.5071299076080322
41	 0.0781250000	1.5148392915725708
42	 0.0800780000	1.522577166557312
43	 0.0820310000	1.5303415060043335
44	 0.0839840000	1.5381300449371338
45	 0.0859380000	1.5459405183792114
46	 0.0878910000	1.5537703037261963
47	 0.0898440000	1.561617374420166
48	 0.0917970000	1.569478988647461
49	 0.0937500000	1.5773528814315796
50	 0.0957030000	1.5852363109588623
51	 0.0976560000	1.5931270122528076
52	 0.0996090000	1.6010221242904663
53	 0.1015600000	1.6089190244674683
54	 0.1035200000	1.616815209388733
55	 0.1054700000	1.6247079372406006
56	 0.1074200000	1.632594347000122
57	 0.1093800000	1.6404718160629272
58	 0.1113300000	1.648337483406067
59	 0.1132800000	1.6561883687973022
60	 0.1152300000	1.6640218496322632
61	 0.1171900000	1.671834945678711
62	 0.1191400000	1.6796247959136963
63	 0.1210900000	1.687388300895691
64	 0.1230500000	1.6951227188110352
65	 0.1250000000	1.7028250694274902
66	 0.1269500000	1.7104922533035278
67	 0.1289100000	1.7181214094161987
68	 0.1308600000	1.725709319114685
69	 0.1328100000	1.7332531213760376
70	 0.1347700000	1.7407498359680176
71	 0.1367200000	1.7481963634490967
72	 0.1386700000	1.755589485168457
73	 0.1406300000	1.762926459312439
74	 0.1425800000	1.7702040672302246
75	 0.1445300000	1.7774192094802856
76	 0.1464800000	1.7845690250396729
77	 0.1484400000	1.7916502952575684
78	 0.1503900000	1.798660159111023
79	 0.1523400000	1.8055955171585083
80	 0.1543000000	1.812453269958496
81	 0.1562500000	1.819230556488037
82	 0.1582000000	1.825924277305603
83	 0.1601600000	1.8325315713882446
84	 0.1621100000	1.8390494585037231
85	 0.1640600000	1.8454750776290894
86	 0.1660200000	1.8518054485321045
87	 0.1679700000	1.8580377101898193
88	 0.1699200000	1.8641691207885742
89	 0.1718800000	1.87019681930542
90	 0.1738300000	1.8761179447174072
91	 0.1757800000	1.881929874420166
92	 0.1777300000	1.887629747390747
93	 0.1796900000	1.8932151794433594
94	 0.1816400000	1.8986833095550537
95	 0.1835900000	1.9040316343307495
96	 0.1855500000	1.9092576503753662
97	 0.1875000000	1.9143588542938232
98	 0.1894500000	1.91933274269104
99	 0.1914100000	1.9241770505905151
100	 0.1933600000	1.9288893938064575
101	 0.1953100000	1.9334673881530762
102	 0.1972700000	1.9379090070724487
103	 0.1992200000	1.9422119855880737
104	 0.2011700000	1.9463742971420288
105	 0.2031300000	1.950393795967102
106	 0.2050800000	1.9542686939239502
107	 0.2070300000	1.9579968452453613
108	 0.2089800000	1.9615764617919922
109	 0.2109400000	1.9650059938430786
110	 0.2128900000	1.9682835340499878
111	 0.2148400000	1.971407413482666
112	 0.2168000000	1.9743762016296387
113	 0.2187500000	1.9771884679794312
114	 0.2207000000	1.9798426628112793
115	 0.2226600000	1.982337474822998
116	 0.2246100000	1.984671711921692
117	 0.2265600000	1.9868440628051758
118	 0.2285200000	1.9888536930084229
119	 0.2304700000	1.9906994104385376
120	 0.2324200000	1.9923802614212036
121	 0.2343800000	1.9938955307006836
122	 0.2363300000	1.9952442646026611
123	 0.2382800000	1.996425986289978
124	 0.2402300000	1.9974398612976074
125	 0.2421900000	1.9982856512069702
126	 0.2441400000	1.998962640762329
127	 0.2460900000	1.9994707107543945
128	 0.2480500000	1.9998095035552979
129	 0.2500000000	1.9999788999557495
130	 0.2519500000	1.99997878074646
131	 0.2539100000	1.9998090267181396
132	 0.2558600000	1.9994698762893677
133	 0.2578100000	1.9989615678787231
134	 0.2597700000	1.998284101486206
135	 0.2617200000	1.9974380731582642
136	 0.2636700000	1.9964238405227661
137	 0.2656300000	1.9952417612075806
138	 0.2675800000	1.9938926696777344
139	 0.2695300000	1.9923771619796753
140	 0.2714800000	1.9906959533691406
141	 0.2734400000	1.9888498783111572
142	 0.2753900000	1.986840009689331
143	 0.2773400000	1.984667181968689
144	 0.2793000000	1.982332706451416
145	 0.2812500000	1.9798375368118286
146	 0.2832000000	1.9771829843521118
147	 0.2851600000	1.9743704795837402
148	 0.2871100000	1.971401333808899
149	 0.2890600000	1.968277096748352
150	 0.2910200000	1.9649991989135742
151	 0.2929700000	1.9615694284439087
152	 0.2949200000	1.9579894542694092
153	 0.2968800000	1.9542609453201294
154	 0.2988300000	1.9503858089447021
155	 0.3007800000	1.9463659524917603
156	 0.3027300000	1.942203402519226
157	 0.3046900000	1.9379000663757324
158	 0.3066400000	1.9334582090377808
159	 0.3085900000	1.928879737854004
160	 0.3105500000	1.9241671562194824
161	 0.3125000000	1.9193224906921387
162	 0.3144500000	1.9143482446670532
163	 0.3164100000	1.909246802330017
164	 0.3183600000	1.9040205478668213
165	 0.3203100000	1.8986718654632568
166	 0.3222700000	1.8932033777236938
167	 0.3242200000	1.8876177072525024
168	 0.3261700000	1.8819174766540527
169	 0.3281300000	1.8761053085327148
170	 0.3300800000	1.8701838254928589
171	 0.3320300000	1.864155888557434
172	 0.3339800000	1.8580242395401
173	 0.3359400000	1.8517916202545166
174	 0.3378900000	1.8454608917236328
175	 0.3398400000	1.8390350341796875
176	 0.3418000000	1.8325167894363403
177	 0.3437500000	1.8259092569351196
178	 0.3457000000	1.819215178489685
179	 0.3476600000	1.8124375343322754
180	 0.3496100000	1.8055795431137085
181	 0.3515600000	1.798643946647644
182	 0.3535200000	1.7916338443756104
183	 0.3554700000	1.7845522165298462
184	 0.3574200000	1.7774021625518799
185	 0.3593800000	1.7701866626739502
186	 0.3613300000	1.762908697128296
187	 0.3632800000	1.7555714845657349
188	 0.3652300000	1.7481780052185059
189	 0.3671900000	1.7407312393188477
190	 0.3691400000	1.7332342863082886
191	 0.3710900000	1.7256901264190674
192	 0.3730500000	1.7181018590927124
193	 0.3750000000	1.7104724645614624
194	 0.3769500000	1.7028049230575562
195	 0.3789100000	1.695102334022522
196	 0.3808600000	1.6873676776885986
197	 0.3828100000	1.6796036958694458
198	 0.3847700000	1.6718136072158813
199	 0.3867200000	1.664000153541565
200	 0.3886700000	1.656166434288025
201	 0.3906300000	1.6483150720596313
202	 0.3925800000	1.6404491662979126
203	 0.3945300000	1.6325714588165283
204	 0.3964800000	1.6246846914291382
205	 0.3984400000	1.6167916059494019
206	 0.4003900000	1.6088950634002686
207	 0.4023400000	1.6009976863861084
208	 0.4043000000	1.593102216720581
209	 0.4062500000	1.5852112770080566
210	 0.4082000000	1.5773273706436157
211	 0.4101600000	1.5694531202316284
212	 0.4121100000	1.5615911483764648
213	 0.4140600000	1.5537437200546265
214	 0.4160200000	1.5459134578704834
215	 0.4179700000	1.538102626800537
216	 0.4199200000	1.5303136110305786
217	 0.4218800000	1.522548794746399
218	 0.4238300000	1.51481032371521
219	 0.4257800000	1.5071004629135132
220	 0.4277300000	1.49942147731781
221	 0.4296900000	1.491775393486023
222	 0.4316400000	1.4841642379760742
223	 0.4335900000	1.4765900373458862
224	 0.4355500000	1.4690548181533813
225	 0.4375000000	1.4615604877471924
226	 0.4394500000	1.4541088342666626
227	 0.4414100000	1.4467018842697144
228	 0.4433600000	1.4393410682678223
229	 0.4453100000	1.4320284128189087
230	 0.4472700000	1.4247654676437378
231	 0.4492200000	1.4175537824630737
232	 0.4511700000	1.4103949069976807
233	 0.4531300000	1.4032905101776123
234	 0.4550800000	1.3962417840957642
235	 0.4570300000	1.38925039768219
236	 0.4589800000	1.3823174238204956
237	 0.4609400000	1.3754442930221558
238	 0.4628900000	1.3686323165893555
239	 0.4648400000	1.3618824481964111
240	 0.4668000000	1.3551959991455078
241	 0.4687500000	1.3485740423202515
242	 0.4707000000	1.342017412185669
243	 0.4726600000	1.3355273008346558
244	 0.4746100000	1.3291045427322388
245	 0.4765600000	1.3227500915527344
246	 0.4785200000	1.3164645433425903
247	 0.4804700000	1.310248851776123
248	 0.4824200000	1.3041037321090698
249	 0.4843800000	1.2980297803878784
250	 0.4863300000	1.2920275926589966
251	 0.4882800000	1.286097764968872
252	 0.4902300000	1.280240774154663
253	 0.4921900000	1.274457335472107
254	 0.4941400000	1.2687475681304932
255	 0.4960900000	1.26311194896698
256	 0.4980500000	1.257550835609436
257	 0.5000000000	1.25206458568573